Starting reading from random..-80 4294967216 ffffffb0
70 70 46
-115 4294967181 ffffff8d
74 74 4a
-86 4294967210 ffffffaa
73 73 49
43 43 2b
-97 4294967199 ffffff9f
-3 4294967293 fffffffd
-63 4294967233 ffffffc1
105 105 69
61 61 3d
69 69 45
-122 4294967174 ffffff86
99 99 63
108 108 6c
-55 4294967241 ffffffc9
-44 4294967252 ffffffd4
-117 4294967179 ffffff8b
-89 4294967207 ffffffa7
105 105 69
1 1 1
-3 4294967293 fffffffd
-116 4294967180 ffffff8c
15 15 f
23 23 17
62 62 3e
58 58 3a
87 87 57
-42 4294967254 ffffffd6
-118 4294967178 ffffff8a
91 91 5b
58 58 3a
-8 4294967288 fffffff8
42 42 2a
Starting reading from random..122 122 7a
63 63 3f
-20 4294967276 ffffffec
-22 4294967274 ffffffea
-23 4294967273 ffffffe9
-110 4294967186 ffffff92
-47 4294967249 ffffffd1
78 78 4e
-86 4294967210 ffffffaa
-17 4294967279 ffffffef
-47 4294967249 ffffffd1
93 93 5d
-89 4294967207 ffffffa7
93 93 5d
100 100 64
108 108 6c
44 44 2c
-47 4294967249 ffffffd1
-58 4294967238 ffffffc6
-30 4294967266 ffffffe2
-96 4294967200 ffffffa0
108 108 6c
123 123 7b
-36 4294967260 ffffffdc
-56 4294967240 ffffffc8
93 93 5d
-83 4294967213 ffffffad
-103 4294967193 ffffff99
71 71 47
-28 4294967268 ffffffe4
-22 4294967274 ffffffea
80 80 50
94 94 5e
5 5 5
47 47 2f
120 120 78
-123 4294967173 ffffff85
106 106 6a
-43 4294967253 ffffffd5
84 84 54
110 110 6e
44 44 2c
0 0 0
-114 4294967182 ffffff8e
-60 4294967236 ffffffc4
5 5 5
-40 4294967256 ffffffd8
118 118 76
-25 4294967271 ffffffe7
-100 4294967196 ffffff9c
-42 4294967254 ffffffd6
12 12 c
26 26 1a
74 74 4a
-38 4294967258 ffffffda
64 64 40
50 50 32
-97 4294967199 ffffff9f
-75 4294967221 ffffffb5
-36 4294967260 ffffffdc
-64 4294967232 ffffffc0
123 123 7b
-97 4294967199 ffffff9f
-114 4294967182 ffffff8e
113 113 71
-20 4294967276 ffffffec
92 92 5c
-21 4294967275 ffffffeb
73 73 49
66 66 42
-94 4294967202 ffffffa2
-95 4294967201 ffffffa1
80 80 50
-56 4294967240 ffffffc8
-13 4294967283 fffffff3
79 79 4f
35 35 23
-116 4294967180 ffffff8c
-68 4294967228 ffffffbc
55 55 37
12 12 c
124 124 7c
-17 4294967279 ffffffef
91 91 5b
-64 4294967232 ffffffc0
-104 4294967192 ffffff98
-30 4294967266 ffffffe2
75 75 4b
83 83 53
101 101 65
-33 4294967263 ffffffdf
-123 4294967173 ffffff85
34 34 22
-17 4294967279 ffffffef
-27 4294967269 ffffffe5
-32 4294967264 ffffffe0
76 76 4c
50 50 32
87 87 57
-30 4294967266 ffffffe2
-113 4294967183 ffffff8f
-18 4294967278 ffffffee
-60 4294967236 ffffffc4
-65 4294967231 ffffffbf
-6 4294967290 fffffffa
-12 4294967284 fffffff4
-41 4294967255 ffffffd7
97 97 61
67 67 43
-36 4294967260 ffffffdc
-128 4294967168 ffffff80
-38 4294967258 ffffffda
-43 4294967253 ffffffd5
48 48 30
62 62 3e
26 26 1a
-72 4294967224 ffffffb8
-93 4294967203 ffffffa3
-127 4294967169 ffffff81
59 59 3b
18 18 12
-97 4294967199 ffffff9f
95 95 5f
85 85 55
116 116 74
40 40 28
77 77 4d
126 126 7e
-124 4294967172 ffffff84
107 107 6b
-31 4294967265 ffffffe1
66 66 42
-79 4294967217 ffffffb1
73 73 49
49 49 31
22 22 16
-12 4294967284 fffffff4
-120 4294967176 ffffff88
81 81 51
-56 4294967240 ffffffc8
-38 4294967258 ffffffda
-27 4294967269 ffffffe5
120 120 78
-1 4294967295 ffffffff
-35 4294967261 ffffffdd
3 3 3
-113 4294967183 ffffff8f
45 45 2d
28 28 1c
3 3 3
-103 4294967193 ffffff99
94 94 5e
-124 4294967172 ffffff84
8 8 8
88 88 58
25 25 19
27 27 1b
-98 4294967198 ffffff9e
5 5 5
-54 4294967242 ffffffca
25 25 19
-99 4294967197 ffffff9d
-11 4294967285 fffffff5
78 78 4e
-65 4294967231 ffffffbf
-86 4294967210 ffffffaa
11 11 b
-18 4294967278 ffffffee
120 120 78
-91 4294967205 ffffffa5
-6 4294967290 fffffffa
108 108 6c
-64 4294967232 ffffffc0
67 67 43
-4 4294967292 fffffffc
31 31 1f
46 46 2e
98 98 62
84 84 54
-64 4294967232 ffffffc0
-34 4294967262 ffffffde
-104 4294967192 ffffff98
1 1 1
-127 4294967169 ffffff81
-33 4294967263 ffffffdf
-98 4294967198 ffffff9e
-71 4294967225 ffffffb9
-96 4294967200 ffffffa0
-5 4294967291 fffffffb
-62 4294967234 ffffffc2
69 69 45
50 50 32
-8 4294967288 fffffff8
97 97 61
-15 4294967281 fffffff1
121 121 79
-35 4294967261 ffffffdd
-106 4294967190 ffffff96
-123 4294967173 ffffff85
111 111 6f
79 79 4f
-122 4294967174 ffffff86
-26 4294967270 ffffffe6
80 80 50
72 72 48
93 93 5d
116 116 74
-60 4294967236 ffffffc4
33 33 21
116 116 74
16 16 10
63 63 3f
-50 4294967246 ffffffce
-62 4294967234 ffffffc2
-107 4294967189 ffffff95
-50 4294967246 ffffffce
-84 4294967212 ffffffac
124 124 7c
106 106 6a
-125 4294967171 ffffff83
71 71 47
-22 4294967274 ffffffea
39 39 27
-60 4294967236 ffffffc4
-3 4294967293 fffffffd
-100 4294967196 ffffff9c
-102 4294967194 ffffff9a
-23 4294967273 ffffffe9
-127 4294967169 ffffff81
34 34 22
-7 4294967289 fffffff9
85 85 55
-117 4294967179 ffffff8b
116 116 74
-51 4294967245 ffffffcd
60 60 3c
124 124 7c
41 41 29
126 126 7e
98 98 62
-103 4294967193 ffffff99
101 101 65
114 114 72
55 55 37
-39 4294967257 ffffffd9
112 112 70
-91 4294967205 ffffffa5
72 72 48
-117 4294967179 ffffff8b
102 102 66
-103 4294967193 ffffff99
64 64 40
42 42 2a
